1.4004 -2.0968 -0.94533 1.0098 -0.017383 -2.2119
-1.1652 7.6452 -3.9251 -7.6427 -1.7708 -5.9702
0.74431 -0.28442 -3.0784 -3.6614 2.0111 1.7164
2.3064 2.2473 -4.9445 3.7606 2.0206 -2.8075
1.3586 2.2963 -0.20086 -6.9739 8.1005 1.5749
-2.6913 1.4869 -1.5547 5.6594 -5.2048 -3.3222
-2.1481 0.76678 -1.2478 -1.9364 -2.8081 -5.0137
-4.1606 4.9763 0.88546 2.1111 -4.8938 -5.6137
3.9891 -4.6566 -1.1893 -4.7051 -2.2805 1.1244
-0.10422 6.5411 -6.7888 3.0192 -2.0216 7.8182
-2.628 2.7453 -2.3948 -0.0056422 -1.7657 0.80175
2.711 -4.5979 -2.0934 5.0162 -1.8757 1.962
-2.0433 4.4406 -6.8633 -2.187 -2.0415 0.57524
1.784 4.7303 3.5427 -2.9414 -0.94853 0.92038
6.0665 6.8293 -8.6666 -3.0243 1.7129 9.4619
3.751 -1.6813 1.6885 7.8988 4.4548 -3.1251
-0.64065 6.5575 -1.1792 -1.3188 -1.4598 -0.63556
-0.45535 1.0539 -1.457 -6.4361 7.3097 -2.6948
7.7485 -5.8539 2.5906 3.7943 3.491 2.8562
-0.6832 -3.1047 -1.2141 0.09981 4.8787 1.0208
1.2047 3.718 -0.90735 -1.4235 -3.9208 -1.309
1.304 7.1718 -3.4863 2.0673 -7.3127 2.9684
3.6993 -4.7326 4.503 3.5499 1.3078 -4.0228
0.86116 -0.4447 3.9665 -2.5487 1.3773 0.47768
1.465 -2.6271 2.7457 0.44359 -6.801 0.80177
1.2886 7.5189 2.125 -1.2426 -5.9435 6.2954
10.756 -3.5843 2.9057 -2.3124 1.4082 2.1545
3.5043 5.326 2.777 1.9021 4.1458 0.13224
-3.506 -2.4983 1.5764 2.8855 5.4254 -5.367
-4.8698 3.1067 2.5265 -5.4805 -3.6731 -5.8836
-6.4594 -5.297 -2.8364 4.4405 2.4185 2.3625
7.3603 6.0011 0.11739 0.59536 2.457 -2.8007
-3.2757 -8.8116 2.2015 -0.94414 -0.1283 -0.96476
3.9685 1.2901 -2.9019 -6.3539 -4.2075 -3.4777
2.1353 1.684 0.0030575 -1.0288 -4.4179 0.72641
-6.1069 -3.2828 -0.75005 -0.27824 2.9621 0.91152
8.0914 -3.8658 4.9657 0.4152 -6.7283 6.9789
2.2092 2.4374 1.89 -1.746 -1.1797 7.2715
7.2806 -4.1448 4.3779 3.7044 0.5619 4.2465
1.3706 -0.11295 2.4907 6.2721 4.3719 4.3359
0.71825 -11.279 4.0369 4.9745 -1.4366 -4.6787
-4.0773 -8.3242 -0.37799 -0.9222 -5.5699 5.1031
0.1504 -0.17901 0.46061 1.3424 1.3922 -3.7663
0.54849 4.4718 -2.5126 1.6269 -2.8786 -6.3978
-6.0842 -6.598 1.5503 -2.4872 7.1099 12.665
-0.075674 2.7147 12.297 -0.045949 -3.4718 1.2747
0.65299 1.9773 0.39035 -2.3589 0.68402 -2.6517
-2.8846 -2.3539 -0.18238 0.27502 8.1697 0.031704
1.6424 -0.095699 3.433 6.4401 4.2164 0.27604
-4.8505 8.7653 -6.2545 -0.74814 -0.067663 -8.2801
-2.295 -5.6023 4.5129 -2.923 1.9167 -2.8622
0.42157 1.9204 -3.3903 5.5098 9.611 2.1173
-2.4204 0.8302 2.27 3.4923 5.6026 0.14216
1.6872 1.2883 1.1064 -2.1016 -5.3136 -6.6516
-1.4512 -0.023522 -0.2681 -2.948 0.73886 -1.966
-3.4965 1.1256 -2.8691 5.6436 4.2594 -0.60027
3.7264 -1.0054 1.6692 0.12548 -6.1394 0.32533
2.4002 -6.7738 4.4982 0.74102 1.1547 -6.7151
2.2854 -2.3361 2.7306 1.3971 -0.27265 1.0213
2.7404 0.93777 5.5844 -2.5162 1.1535 6.1162
4.0377 1.0351 -5.5544 4.3555 -3.2203 -6.3709
3.9635 2.4146 0.07705 9.4125 -7.3079 1.7552
0.13476 8.8839 -5.4014 -9.9513 -4.2897 5.3746
-1.8011 -6.6165 0.45854 0.79186 7.4996 1.5214
-0.44263 2.7216 2.1665 3.7814 -0.51894 2.3563
4.9514 0.54332 -3.0707 -3.1833 -3.8061 -1.9002
-4.7914 -0.15195 5.1313 0.35895 5.8714 -0.74076
-2.2576 -2.7725 -1.8994 0.68237 3.6759 -4.5789
4.1732 -0.5101 2.4937 -2.399 -3.4504 -0.48602
3.384 2.7214 -1.3908 2.8263 4.2998 -2.2105
-1.9821 1.7049 -3.0333 4.8594 4.4416 -2.6321
-0.82727 -6.4227 -2.9487 0.8929 -3.095 5.789
-0.62318 3.6248 -5.8041 1.4786 2.1595 -0.46823
-1.1016 0.99806 6.083 -2.186 -1.483 2.5197
-9.773 7.5769 -9.7889 4.474 5.0032 1.5012
-1.7093 -4.4495 -5.1602 -0.36108 -5.0483 -4.0595
1.2362 -2.8882 -7.9383 1.7626 -1.6341 -7.5594
9.8063 -7.0087 -5.3718 4.699 3.2832 -5.735
-5.8505 0.014449 -11.167 -1.189 -0.31814 1.1038
-2.5422 3.9806 2.4087 -0.77673 2.3056 -1.2048
-1.5419 -1.9159 0.16177 0.36223 6.9502 3.038
-3.7691 -2.0764 -4.1237 -0.89326 -1.7054 -1.5198
-2.6951 -1.1786 -5.2039 -5.0757 -4.3833 -5.2892
-7.697 -0.6422 -5.2719 1.9296 6.2491 0.38533
-0.44967 4.0941 -1.1138 -5.7661 -1.7496 4.4042
-2.074 0.063579 -8.0884 -1.2178 1.2731 1.0617
2.1399 -1.9306 1.6269 -5.6336 -2.3279 -0.74382
0.22963 2.5387 -0.3593 5.2058 -6.2752 -1.6837
4.2633 -5.4578 -1.369 0.34156 -3.7893 5.0725
6.4829 2.3945 2.6089 1.9158 5.249 3.6572
0.48741 -0.82599 1.383 -1.0513 -1.6606 -1.7186
-4.9522 8.5575 -1.3787 6.3474 -0.60073 -5.3856
0.9765 -2.5953 0.12314 -1.6159 1.2002 -3.6542
5.593 1.6944 -0.53339 4.6068 4.7073 1.3333
-0.38189 0.47146 -2.5041 4.6125 0.60959 -4.3704
1.5505 -4.3231 4.4458 -2.1024 -1.034 -1.5478
-3.8653 3.5021 4.8087 1.7174 -3.4099 -0.48974
6.0367 -8.9051 0.28953 0.5064 2.3313 -2.6391
1.6153 -7.7844 -4.107 8.46 -8.3532 -2.4979
-1.6886 -5.2384 -4.6919 -3.9769 -4.6999 -0.90525
-6.6961 5.2225 1.004 -6.3382 2.9453 -2.2034
-2.7505 3.9359 -1.0585 1.2434 1.7875 -5.3691
-4.1087 -5.0055 -3.2528 -3.8784 -5.1074 2.9464
-1.9702 -0.71902 0.52807 -2.3566 2.1481 -3.6782
1.3872 -2.9736 -4.7386 1.3257 1.8779 4.1402
3.3174 0.93297 1.3617 -5.1922 -4.7372 -1.3736
0.62253 8.4054 -6.3684 4.2868 -0.28711 -1.2315
0.33486 -3.5067 -9.8151 1.6856 6.4084 5.1823
1.4985 7.7952 -0.83248 5.6896 -1.9741 1.0444
10.613 -1.8611 -3.9277 -1.2474 -5.3902 -1.6091
1.3309 -2.6077 6.1245 3.6521 0.63502 -3.3078
0.56308 2.4385 5.4907 -4.4756 -2.2406 -2.0689
6.3113 2.8365 -2.4485 0.96334 -1.4348 1.5996
0.35819 1.1192 -3.8669 4.4937 1.6407 3.3885
-2.6919 -5.8698 -0.86558 -2.5928 -0.21933 0.19204
3.7276 -2.7653 -1.2643 0.34948 -1.5258 -1.9717
-1.4316 -3.472 5.5413 6.5387 -4.1269 1.3417
0.80841 -2.05 -1.3932 -3.138 -3.281 2.6849
3.505 -3.1283 4.822 -4.4416 -4.094 -1.6866
3.2318 1.7032 4.949 3.7344 -2.4207 5.7725
-6.4133 4.0462 10.079 -0.093949 7.0421 -1.4571
-9.4482 -1.0027 -1.5178 -4.4027 0.59062 3.5932
-2.8068 2.2169 -1.9011 -3.5748 -2.1974 3.8734
6.6076 3.0355 6.7029 1.3851 -0.51146 0.22651
0.94029 0.53537 -2.9535 0.97954 0.98131 -0.33867
-0.60701 -1.0902 -7.262 -1.4063 1.1043 3.488
-0.62355 -2.1705 0.34691 0.91624 1.2749 -7.2146
4.1527 -4.6524 2.001 2.2577 4.3622 0.13496
1.3219 -1.0941 -1.4519 -2.9239 -1.3755 0.27655
1.9032 0.63802 -1.4028 -1.279 1.4205 1.4623
-8.362 -0.74683 -5.4516 -2.9026 -2.4745 -3.5394
-0.69614 0.87162 6.8912 5.3596 -7.4358 -5.6407
0.076753 0.18495 0.80549 -5.1148 -2.2877 -10.554
-3.4401 2.6813 -2.1907 6.4564 5.6719 2.1804
-0.091798 -2.522 1.6072 -2.2791 -1.4184 4.312
-2.4093 -0.47364 3.3376 -0.0081261 4.0875 -1.7773
3.4796 0.96826 -4.1932 3.8302 2.4073 9.5173
-2.2832 -1.5043 0.90105 2.9511 -2.389 -2.5639
5.2187 1.1218 -1.9295 -1.3656 7.6534 -5.2451
-0.17058 -7.0978 6.6029 3.5543 3.4937 -0.58275
3.5821 1.8343 0.6357 -4.7189 3.6103 0.42314
9.1394 1.8473 -4.4987 5.5259 -3.6385 2.7294
0.26731 -0.0047499 -0.44425 4.6418 -2.5883 0.48416
5.9784 -1.4118 1.7962 0.07405 2.5858 -3.0545
-4.2899 -1.732 8.4023 1.6156 4.799 -6.0921
7.2934 -6.8191 0.15827 3.918 -0.10552 -2.3468
-4.8337 4.3829 2.2863 -1.3109 6.8477 -5.455
-0.26157 2.5431 4.8029 2.1816 -0.5112 2.8944
-1.3073 -4.3487 2.0351 2.7488 2.8722 -0.41451
-4.5966 -5.9091 -3.479 1.4878 0.013467 -7.412
-5.2322 -1.541 -0.64426 -5.6821 4.3758 1.4624
2.5855 2.7233 -2.6313 -1.3427 -1.3083 -3.6896
-5.5568 3.3306 2.827 -7.905 -0.12554 5.4015
-5.3627 2.1384 6.1613 -1.532 -6.0333 0.20879
4.5155 3.0721 -0.087767 -3.1594 1.209 0.91693
0.0067845 7.0196 4.219 -0.38416 0.35894 -3.1495
1.5187 -6.8172 -2.787 1.5096 2.1124 2.0921
-3.6053 1.878 0.63721 3.3201 1.3528 0.25961
-0.78718 -0.21722 -0.70588 -0.57267 -2.6773 0.86467
1.2278 -2.9955 6.521 0.16057 2.6562 -1.2811
0.66983 2.8671 1.1759 4.0531 10.441 2.5735
7.1523 -0.022052 3.0709 5.1869 -2.5659 -9.7568
-2.4963 4.8005 -1.3647 0.87037 3.7291 0.66272
-0.59984 -4.1361 -2.5336 3.445 -2.3111 4.1928
3.3289 -3.3903 1.5788 -2.9196 -3.6337 -0.76267
3.7924 1.7337 -3.2738 6.3425 -4.4912 2.3125
-7.895 -3.5501 -5.4469 -2.6511 2.3015 -2.382
-1.5675 0.48493 -1.2085 -3.0701 0.13298 0.69099
-2.7068 -1.6076 6.3967 2.1525 3.4948 -2.3359
-0.064084 4.3867 -1.5693 -0.26133 -0.76005 4.5801
2.0607 1.7467 0.88331 -6.346 -4.7014 1.8798
1.7793 -1.628 -2.3749 4.3099 -0.79339 5.5037
4.5636 -2.5548 -8.2016 2.7808 -0.29507 -0.16704
1.7907 -1.6195 0.0017084 6.5905 2.4496 -0.23724
1.2618 9.5754 6.7746 1.1794 -4.8417 1.2532
3.7824 -0.19849 -1.3261 2.8199 -7.3725 5.7936
1.7147 -0.8103 -4.6006 -4.6058 1.8354 -9.5606
-5.2984 -0.79014 -3.9627 7.4379 -3.1062 -6.7062
0.43929 6.0653 1.4568 9.4858 -1.9631 5.067
-6.6189 -6.9288 -1.6813 -1.5253 2.2015 7.5741
4.4427 4.4499 3.9345 -2.7791 0.073329 -0.8191
-8.4314 -2.8771 -1.1031 4.0004 0.6597 5.4153
-2.1993 -1.0935 -8.3421 -4.5411 4.7372 8.6808
0.37704 2.7096 -1.7579 0.61444 4.2636 0.75878
-0.15288 -3.7458 2.8477 -0.53927 0.01437 -1.8221
7.5317 1.7029 4.1059 3.3065 -2.1267 -1.9088
0.22184 -0.29817 5.1397 -7.8754 -4.7752 -1.0245
-2.4556 -5.5952 4.0029 0.49375 1.2631 3.1947
2.3481 0.76922 4.2936 1.0477 9.2523 -0.68259
-4.8268 2.3216 7.5761 -7.0844 4.1883 8.1492
2.1813 2.5514 6.1377 -0.63536 0.89983 -1.3587
1.0037 -2.2639 0.70235 2.5167 -4.3916 -2.8634
-1.571 -0.064551 -1.9045 -5.1031 -4.9034 2.1781
-2.4882 2.4893 -1.119 -1.2002 -2.1201 0.94124
-4.7619 2.1337 2.8105 0.7874 -14.969 1.8501
-7.5139 -1.5574 4.8327 -2.0903 1.6696 -8.3755
-1.696 -5.0867 -0.99024 6.2927 4.974 -0.60001
3.109 1.0904 6.0507 3.0777 0.44234 -7.3341
-2.8557 1.2699 -2.8998 -2.315 -1.3083 0.74136
6.3386 5.9935 -1.8613 1.3265 5.4116 3.06
-3.5532 -6.2152 -1.5478 4.5153 -1.711 4.7183
8.5633 -1.4172 -2.6478 0.99288 -2.3175 3.0119
-2.7687 1.7369 3.4796 2.2277 3.7039 1.9363
0.39719 -0.40591 -0.74834 2.5726 0.022042 3.1018
5.7399 8.1151 7.4061 2.9566 -2.538 -0.22665
4.9336 -1.4688 -0.024514 -5.291 3.4333 -0.15401
-3.0306 -9.4551 7.4651 -2.7072 -1.9231 4.0818
2.9543 2.9194 -9.7199 -1.4116 5.9588 4.3491
-4.4574 -5.5961 1.4473 -6.3897 -2.5176 -1.8833
-6.8235 5.2595 1.1339 -5.6075 -2.3758 -7.1891
2.6446 1.6153 7.7408 1.4306 -2.5148 -9.1813
-6.9186 -1.3767 1.0469 1.4356 1.425 -6.4903
-8.5523 -3.9203 7.1166 3.6984 5.2203 -4.0003
-0.24019 7.4294 7.5709 1.4624 1.4627 1.7885
5.5428 1.2382 -2.4813 -3.0671 3.0883 -3.1034
4.8713 -1.9564 -4.7626 -0.062894 5.0213 -0.34134
-5.9802 -2.7795 3.4328 -2.866 -0.51334 1.4776
0.14913 -0.72157 -3.2603 3.4686 3.7945 -5.5448
3.2115 5.0251 -0.62861 -6.0438 -0.498 -3.401
3.8954 7.643 -2.2849 3.4378 8.3998 -2.9975
6.2429 0.10877 0.40324 1.9924 1.0411 -3.2072
6.345 1.7085 2.3857 3.0924 -2.1819 -1.757
3.4252 1.2935 2.8488 -2.3145 0.40173 3.1487
-5.6979 -6.5959 0.54257 0.78853 -2.9316 -2.0299
0.15881 0.56135 -3.7876 -0.16414 -6.0966 2.7772
-5.5196 -1.9922 -3.3877 -6.0434 1.3991 1.3613
4.9323 -1.7111 1.1692 1.9391 0.93144 0.76742
6.9683 -0.6035 -8.7372 1.7704 2.616 3.9001
-8.006 -11.563 -4.6978 -2.9724 -3.3798 8.5606
3.342 -2.9382 -6.2631 4.9601 -3.2205 5.8693
-1.3713 3.0249 -1.3118 -7.0605 -1.963 -6.3361
-1.9118 0.48317 1.9409 -1.644 -4.0228 2.1196
-3.5564 -2.0636 9.459 -1.5633 10.765 -4.9874
5.0537 -1.3634 -0.016508 -2.8549 1.4861 -8.0432
1.5328 -4.32 -4.2706 -2.6558 -2.6125 -4.8428
-0.47547 -2.7896 -1.8142 1.9322 1.6973 -8.7276
1.669 -2.332 1.8329 -3.4952 4.9181 -4.5251
4.0529 -0.7445 4.0874 0.27552 2.7104 5.4172
-3.4781 2.3518 -1.8363 -1.7005 3.6666 -1.9059
-3.1787 -0.084166 -0.018439 -0.51345 1.923 10.723
2.754 -0.31905 4.7434 7.7294 -6.0286 1.5633
6.3427 -3.3421 0.89496 -2.1674 -3.0396 4.016
5.0007 3.9145 0.32157 3.5421 4.2394 -0.58398
-0.46241 0.94191 -1.3243 0.15147 -0.79234 -1.1183
-5.3271 2.2642 -1.5385 0.12592 1.0368 -3.1335
-9.3712 0.87716 4.232 -7.6104 2.2197 0.64327
-3.7063 3.2308 -2.1266 4.0831 -4.0857 -5.9317
4.5183 6.0501 -0.18908 0.61809 0.76045 -3.4003
-2.1965 -1.7265 -4.1353 -1.7361 -1.7392 -4.2769
1.1349 2.1702 2.415 0.14971 -5.8967 0.67335
0.85112 2.7172 0.9967 -0.43603 1.5729 6.0636
-8.8111 -0.035068 1.7662 7.3281 -3.3763 8.6301
5.0043 7.6478 -0.1077 -4.4274 -2.0113 -7.0228
8.0988 -3.9145 -2.9684 -2.2461 -5.3569 1.387
-0.15559 -1.9445 -0.34126 1.0512 -2.4119 -2.6164
3.9943 0.31159 -5.1364 7.4167 1.7581 -4.3259
-3.0293 0.1048 -1.3544 1.0293 6.286 0.41352
2.3846 -0.89114 9.2288 4.4445 -4.5262 -1.8875
8.4929 -1.9188 6.6893 3.0105 1.3813 0.20448
5.2469 3.2983 3.4711 2.8758 2.0936 3.074
-2.7998 -0.24161 1.7523 5.1502 4.1759 -3.7419
-4.0785 -3.2271 3.3062 9.1649 5.0395 -0.61084
0.21246 6.8514 1.558 0.59034 -4.4235 -6.8014
-0.94808 3.6486 3.727 -1.1601 0.24549 -1.533
-0.25094 5.9554 4.8231 0.74886 4.9228 3.9554
5.0844 -0.10699 -4.085 -1.2127 2.1804 -6.9828
0.88455 7.6633 -0.76396 -9.2454 5.5999 1.5634
6.6561 3.6787 -0.1086 -0.4638 4.866 -5.408
-0.17184 -7.2324 -2.2205 0.67136 9.3752 0.87598
-0.53294 -5.0612 -3.9767 -1.4652 -10.48 -1.8012
3.1728 2.3345 5.0885 -0.86749 -1.3274 -1.1141
1.7051 -0.46475 2.6713 4.9449 -1.3545 -6.4156
-0.83961 -0.57525 -3.6431 0.33008 -5.6945 -3.6443
-6.3526 4.2991 -4.2107 -0.11959 -2.0849 -0.77209
-4.4655 6.8088 1.7088 -2.6454 5.6889 0.28672
2.4674 1.5649 -2.7554 -2.229 0.23717 -0.76525
2.1739 0.50933 -4.7932 -0.40361 3.8423 -2.5649
-5.8716 9.0037 -0.98983 0.51171 6.5396 5.3142
0.47963 -0.042712 -3.3789 1.5544 -1.1611 -0.77785
2.1174 -1.8022 3.3985 6.541 -1.6385 -3.1036
-4.701 -2.3802 9.2263 5.4263 -5.2685 -3.0346
-3.9929 -2.9427 -6.8038 -4.7888 -1.1092 -0.30239
4.7762 0.32678 3.35 7.0264 -2.8588 3.716
-7.0148 -3.4434 1.6897 -3.942 -0.87714 -1.6983
1.7861 -7.4336 -3.3702 10.285 -0.90233 3.4863
3.9122 -5.1395 3.8466 0.79715 -2.9135 0.9061
-7.165 1.7448 -3.5535 -1.7549 -4.5787 -2.2533
-0.52076 4.3651 -7.529 -8.0852 -1.5107 -3.2689
-4.7009 4.8104 -4.4933 -1.5919 0.058504 0.70938
0.35985 9.2515 2.3127 6.1686 -3.5827 -0.41331
-1.6887 -4.3359 1.6412 -1.6506 1.409 -3.62
-6.6037 5.4581 4.0106 -1.8033 -0.57651 -3.1774
2.4719 0.32672 1.9631 -5.252 -1.0426 2.1565
2.3846 -1.8711 5.0414 -4.6957 3.6469 2.0867
-2.4737 -1.7055 -8.0193 -2.3147 9.2247 -1.2456
2.1115 3.5585 -1.218 1.4401 3.3906 3.3045
-5.3773 2.599 -1.4528 -8.2491 2.5708 -1.3998
-4.9391 -7.2247 -0.23154 2.6694 0.01888 -0.46201
-4.6138 4.0988 4.2687 -1.9245 0.51915 4.9393
-0.43731 3.3009 -2.7057 3.2173 2.3257 -2.1597
-5.1718 1.6035 -1.9653 7.7172 -3.3703 9.8815
-2.1555 2.1119 2.631 2.6046 1.5037 4.9695
4.1634 -10.05 5.7443 5.0777 -4.4874 8.5802
2.1368 0.096924 -6.1401 6.0434 3.2996 6.2665
14.005 8.3822 7.0114 -5.8447 -0.85539 5.2568
-2.6603 -0.75375 5.1322 1.544 2.8801 8.829
2.0245 -2.5768 0.37457 2.4182 -3.9739 8.1644
3.161 -4.0311 6.3204 -0.57901 3.1275 -0.89483
-2.4953 -7.2438 0.97913 -4.9295 -1.1051 5.6438
7.3167 -1.9578 -4.081 7.3602 -0.29057 2.6855
5.9757 1.2057 4.5114 1.5449 -1.0869 7.4476
9.1714 -3.9356 8.9299 8.6886 2.685 4.1301
5.7501 1.0139 -3.097 0.16704 7.2109 6.9434
-11.201 3.1519 -4.0058 7.8125 3.5844 12.014
-0.86821 -2.3732 4.5533 6.8138 0.1178 13.807
4.2472 1.9688 -0.095806 6.2396 -2.9903 10.194
-0.26028 2.2619 -5.4553 -0.15199 0.33619 0.60752
4.1335 -0.17122 4.9453 3.2867 -3.9905 12.869
2.735 7.8258 -0.6163 2.1202 -0.34943 11.3
0.81001 -5.0888 -3.1808 0.16045 3.7683 8.0138
3.2722 1.1003 -2.3263 2.2199 -0.34999 16.722
5.0519 -3.707 -1.9907 -2.4847 4.7711 5.1562
7.5724 -2.887 3.7497 3.3704 -1.9927 14.175
-0.57578 1.7639 -4.6229 3.2102 1.7502 2.574
0.71291 4.3716 1.8769 0.67453 1.3202 5.4111
0.11743 0.68041 4.0176 6.5493 -5.6006 2.3098
6.3916 5.2194 -3.4394 -0.19439 -2.0875 9.2505
9.2905 -3.7205 1.3375 3.0073 4.0197 8.4558
7.2229 1.3526 -6.6139 6.0997 -4.5512 4.3951
8.3641 -2.1236 2.7875 4.8529 -0.61299 1.3721
3.9971 -3.0294 -4.4888 -5.5895 -3.897 -3.7905
-0.20682 -10.526 3.2255 0.91032 -3.918 3.1855
5.719 3.0407 1.7343 2.3756 -3.6858 1.2619
9.9055 7.4994 -1.6456 1.7867 3.2926 9.6443
5.0242 1.9986 -5.9195 -1.4119 0.02626 11.31
6.7168 5.5053 5.3263 3.8275 1.4965 -1.0087
-3.174 0.23592 0.61081 3.3295 -2.2208 0.010449
5.2842 -4.9217 6.7092 9.1184 -0.49855 5.0842
2.3843 -3.4899 0.03426 4.4489 3.3479 10.789
5.2133 -3.2107 -7.1135 6.8219 -5.1499 12.013
8.1071 4.4095 6.7603 3.4784 -3.0341 12.882
0.44235 -1.9214 -1.1656 -3.3019 4.0823 5.4144
9.0237 0.36577 3.6976 -1.8931 6.7777 4.3695
-0.77357 -5.3326 -2.889 0.99438 -3.4528 2.865
3.1633 -0.73226 2.4473 2.2651 1.7571 9.2037
4.2278 -6.5035 3.34 6.3054 -4.9875 10.059
7.2673 -2.8097 4.0523 0.66218 2.6308 0.87942
1.7074 3.038 1.9962 1.4848 0.53251 6.4407
-0.7435 6.8386 -0.16324 5.0234 -4.0552 4.8748
8.6665 1.9418 0.57791 1.7518 2.0359 9.4086
4.4506 0.38895 1.2094 -0.91368 5.058 11.576
-4.6547 4.293 -2.9538 1.7838 -0.63042 11.798
4.2797 2.9121 2.2017 1.2789 -3.5945 8.95
-3.8023 -9.7955 -4.2579 6.7647 -4.4719 5.3251
6.1637 -7.1663 -7.6215 4.8878 -4.9675 5.0894
8.5487 -3.3334 0.66626 6.1837 1.5938 2.3027
2.2689 -3.4944 0.79093 2.161 1.3576 11.657
-0.63357 -6.4009 0.88295 12.467 -3.1343 3.4066
7.9077 -2.713 7.0914 4.4364 3.0161 -0.78937
0.95719 -3.7247 4.9315 0.3207 -4.2623 3.692
-0.27389 4.4009 7.4552 -1.2944 5.9495 12.804
-2.0471 -2.4399 0.8814 4.3946 -8.5109 8.0113
-2.8706 -5.1041 3.6345 2.3734 -1.0951 5.533
4.1031 -1.6651 -2.3647 -1.4076 3.0132 7.8172
1.673 -2.7399 -0.92392 2.1207 0.0491 8.5538
6.1539 1.0486 -6.9911 -2.512 0.19628 8.7518
2.7732 -0.92514 0.27933 6.7297 -2.0341 6.2789
2.1613 -5.9421 3.7079 11.775 7.861 16.138
-3.8859 2.3213 -4.2327 6.961 -1.8413 11.233
-0.10186 -1.4558 -0.88994 2.7073 2.792 -2.9078
3.4177 -2.4001 -2.8963 9.4386 4.845 3.1943
1.2874 -3.4072 -3.2336 5.1641 -1.359 6.87
8.1002 3.1756 3.6096 -4.876 5.7946 8.9887
-4.3257 -0.43572 0.26907 3.4215 1.7756 5.861
2.2752 -6.2113 2.9584 4.3148 -5.9512 6.8165
3.4583 8.6832 1.5871 6.2489 -1.8851 5.7003
0.11057 -1.3668 3.7432 3.3429 -0.58086 1.7345
3.448 1.0842 -9.0288 8.6948 2.5517 15.519
9.6451 1.4193 -4.0885 -1.3136 2.8508 6.2155
-1.2016 -5.2261 -0.68754 13.837 2.7883 16.299
1.5965 4.8846 1.3916 9.4088 -5.788 3.4391
-2.6763 1.0045 4.5937 3.0129 -6.103 5.9713
5.9118 0.57461 -2.5585 5.1521 5.382 1.7646
-1.8242 5.4026 -2.4198 0.5093 3.2938 3.5776
-0.43278 0.63638 -1.1406 0.27698 1.6487 10.608
8.6918 -6.8891 2.7809 4.3046 6.1848 10.023
6.2937 -0.064239 0.42574 7.9427 7.3878 3.4981
-0.023881 4.668 4.5028 7.7034 -3.0892 7.6038
7.0662 4.8505 -3.0877 12.526 0.16761 5.2384
0.36362 1.0587 1.6445 2.6967 1.7243 10.311
3.4241 -6.7739 1.5488 3.1079 0.48146 3.9227
10.337 4.3858 -6.576 -6.9372 0.81122 13.223
12.029 -0.22954 1.1856 2.7658 0.77662 0.79859
1.2274 0.76757 6.9588 4.5844 4.3463 8.163
2.88 5.1251 -4.7911 4.1509 -10.995 0.9479
7.1564 1.611 -2.5483 1.4094 -0.023567 4.0974
5.43 -14.889 -4.067 -1.1496 -1.0017 2.6976
2.0679 -6.6549 4.5163 2.3559 -1.8748 13.195
2.1621 -3.312 -2.2261 12.802 0.57604 6.3499
-0.13611 -5.1652 3.0054 0.28381 2.1368 8.3033
-6.0879 0.61386 -6.579 4.0107 -1.1398 1.2324
2.3734 0.60784 -7.2902 -0.63049 0.072534 3.1597
-1.7915 -2.7725 3.9894 8.6581 -6.5997 8.3903
2.0882 4.6778 2.3732 7.1457 -4.4572 6.5875
12.873 -3.1523 1.1203 4.6414 -1.4932 9.6425
3.1355 -1.3824 3.8683 3.8098 -0.68152 11.628
9.0381 -2.6695 0.27036 9.9155 -4.2679 3.3224
-1.4429 -3.5859 0.55962 6.3111 -4.7226 3.1179
8.1023 0.21847 -3.4996 3.9859 2.4517 8.8244
-3.6945 -5.5766 0.038022 4.5467 0.53931 6.5167
1.8803 -1.2488 -4.4013 10.156 5.5076 7.0516
4.163 3.3213 -3.5628 5.9794 2.183 3.4577
5.4804 3.2551 -1.9089 5.0754 -4.6625 3.2057
2.503 -7.7843 0.55494 6.2743 -8.8743 8.7872
-1.3289 1.6269 6.4113 3.6056 0.55695 13.241
-1.8707 -1.8319 1.5101 0.051108 -0.90857 5.6139
0.11137 1.8021 1.6246 5.4704 2.2182 11.433
-1.0767 0.68847 2.1731 -2.4892 3.6559 12.479
0.68366 -1.2643 4.8147 1.2234 -0.80073 11.288
-0.80209 -0.053265 2.3217 8.2318 0.59515 13.066
7.9682 2.4316 0.25469 1.2217 -2.8854 8.4351
4.0797 2.9041 -1.7322 5.0805 4.8052 0.54303
4.1339 -2.9988 2.3889 3.1389 0.20754 3.7049
-0.35594 -5.3094 -6.7341 5.1098 -2.1304 6.3818
4.1072 -1.6762 0.16693 5.6944 -1.8298 1.1922
4.292 4.08 3.773 1.9963 7.2731 4.9032
-0.7442 1.3712 -0.91181 -4.4983 2.0318 12.099
-1.7567 1.576 2.3073 8.0846 1.6818 3.8781
-4.7397 -1.7701 0.68972 1.7683 1.3477 7.8119
6.4912 -3.0626 2.3401 5.1392 1.8173 8.1251
-1.0486 8.3081 -1.9739 7.8783 1.889 14.381
3.187 -0.42066 6.685 -0.3296 0.025505 5.9927
3.3324 -0.13299 1.5864 9.0247 6.8464 9.5814
3.3649 -1.0948 0.56404 6.9647 -0.95772 2.0746
0.44718 0.27886 -4.7624 4.4895 -3.3738 3.4914
2.0946 -1.278 -0.77259 2.5648 -1.651 8.3062
1.7723 -4.1769 -5.7824 8.8208 4.7319 9.0974
8.3983 1.9718 -1.1543 5.7831 3.1261 5.1113
-1.6247 5.7592 -4.9166 6.1293 4.6878 8.0989
2.1764 0.73948 -0.25586 14.772 -0.85661 4.3091
7.2656 -2.9766 0.60883 6.2185 0.60375 9.297
4.6843 0.22571 -1.9382 8.7061 -7.2572 4.1906
-1.3528 4.0812 6.5316 3.7973 3.7824 8.0052
6.1726 7.1326 5.4756 11.209 -0.42995 8.4097
-7.8073 -5.621 5.6556 3.6196 0.22415 12.732
1.0296 0.45604 2.3629 0.020024 4.054 2.5622
9.271 -1.7331 3.12 3.9334 -1.0935 7.855
4.9938 2.1784 -2.629 -2.8642 1.7234 0.094372
6.1664 0.67567 0.52726 9.0304 -2.8714 7.5073
2.6282 -2.3545 -4.4897 -0.73662 -2.1274 10.137
1.4791 -7.2288 0.95939 5.1266 2.1667 2.7313
5.7837 -4.8567 4.5686 7.6574 -0.84709 6.1794
12.268 -2.4256 -4.4035 5.931 -6.2626 11.914
1.9264 -1.0948 -0.83553 5.4942 -2.1515 13.623
8.7481 4.703 -5.8643 0.54209 11.638 7.0082
0.84279 -2.3783 2.4251 3.7798 1.9713 12.943
1.2797 1.4881 4.9233 7.7216 0.86039 6.3658
5.6029 3.6233 4.5738 0.94568 -1.6361 3.5043
-0.60821 0.92665 -4.1027 -0.94279 -7.2778 6.5846
6.7691 0.33919 -2.8361 1.2053 0.54239 0.029597
-3.7331 -2.4422 -0.40863 7.4178 -12.316 3.695
-6.683 3.3653 -1.5805 2.9017 -3.6935 4.5151
2.3643 6.5145 -2.1102 4.8915 -5.8205 12.514
4.3155 1.9022 -10.098 -2.9793 -0.85318 7.8902
8.1016 1.2293 2.5467 0.90947 4.2945 15.177
3.4787 0.94148 -0.93769 1.2021 2.0638 8.7805
6.8177 4.1362 2.7734 -1.0637 -1.7747 8.4145
3.9622 -1.3236 1.0581 8.6959 -6.5062 6.1051
5.718 -2.0488 -11.914 8.1596 -2.1327 3.4338
-0.87508 2.1275 -1.2053 -2.2689 -4.7423 7.6779
2.6944 -1.2259 3.1443 4.9995 1.7179 5.4954
0.60884 3.5673 4.1807 0.13779 -2.3425 0.77099
2.052 -5.8555 -1.2689 3.337 5.667 9.0597
12.187 5.3055 2.0821 4.1827 -0.46951 6.34
-2.6166 -2.9225 0.95192 10.838 -6.0754 8.048
3.1367 0.9542 3.6875 5.4817 0.31694 4.9184
1.7164 -1.8715 7.8544 1.3742 2.8695 9.7416
4.5175 2.8543 -3.6457 7.3255 -1.9838 4.6058
10.171 -5.67 8.3997 7.504 2.471 8.4231
6.6493 -4.2692 0.85786 4.5532 1.3572 9.6728
0.37234 6.5295 -3.1961 12.969 1.5378 6.4986
-2.7351 -3.9016 -3.2414 3.3329 -1.3062 3.3185
6.392 -2.7934 0.47107 2.1638 -0.51058 7.9546
-0.96847 0.24927 0.55209 6.1848 -0.53707 11.309
0.13895 -3.1948 1.6436 -1.2092 -0.51392 -1.7122
4.8614 0.58683 3.308 2.3539 -5.8229 7.456
-3.0898 4.7037 1.4464 1.8397 -0.073064 7.5645
9.225 0.27474 -4.098 9.4659 -4.7617 8.3998
3.4113 6.9047 -2.7606 6.8274 0.51179 5.4853
2.0636 -5.799 -3.0356 6.4303 -4.6658 8.3527
6.2313 -1.1386 -2.3618 7.6793 5.4511 4.7836
6.2249 -3.4962 1.4206 7.5976 3.2839 8.0212
2.0033 1.474 1.3629 4.1309 -2.1568 11.593
7.4093 -5.0467 -0.91015 -1.6634 8.2585 6.6369
4.4692 -7.0384 -3.9953 -2.7234 4.5574 2.6831
7.4 -1.5741 -1.3034 4.1511 3.4136 6.5865
4.0539 -7.2602 2.3882 10.654 -8.291 8.7364
2.2356 -3.5924 -0.51842 7.324 -5.063 5.9191
9.995 -2.1892 5.7614 8.1906 -2.8091 13.645
-0.13282 -6.6816 -3.2736 11.175 -1.3108 5.2353
5.5323 2.2557 1.1767 2.0595 -5.2462 5.2997
11.09 1.2224 4.6055 1.4655 2.6203 13.519
1.3466 -2.5086 -3.4411 8.4076 -2.0908 8.1946
5.5385 -5.5694 -0.22438 1.1319 -0.66149 9.1412
4.2782 -1.1012 -4.859 12.8 -2.1942 12.335
1.607 -0.6714 -3.7244 7.5625 -0.35304 4.3793
2.9858 -8.6918 -5.7891 1.4583 5.4887 6.2572
5.4711 5.2297 -3.739 2.506 -7.3219 10.478
12.314 1.7421 1.4705 6.0875 -3.8459 3.8134
6.5457 -7.0142 -0.9606 6.8516 -1.8837 7.9554
2.0237 7.9123 2.3322 8.6736 2.219 2.3463
-4.8925 -0.61419 4.111 5.3599 -4.0923 9.0373
3.9962 -5.8936 1.4502 -0.058919 -2.0991 15.943
4.0439 -3.7042 3.1019 4.3726 2.8139 6.3498
-0.16592 1.0508 3.0199 -2.1448 -4.9117 5.3909
7.0373 -5.7592 9.4293 6.3049 4.1904 13.644
4.5635 -1.8942 3.0288 6.2882 1.3687 3.248
5.3476 -0.40602 -5.968 4.5867 2.2796 5.4936
1.0553 -1.6999 1.1831 0.29711 -0.059556 6.8688
0.26458 0.81467 2.6696 9.0926 -3.9898 9.428
1.1303 -2.8481 3.7706 7.9517 -6.3981 2.6438
-1.4423 -1.0021 3.2686 1.1526 0.61352 3.1289
0.90984 0.76291 -1.9676 -1.3372 2.8622 8.2178
5.9074 -8.8803 0.11077 8.0169 2.8968 6.2434
-6.0214 -7.6728 1.3808 6.434 -0.34418 0.29597
-4.0879 -4.2683 0.86295 4.1437 6.5925 0.1056
3.1064 0.31942 8.116 5.0214 0.74011 0.0715
4.314 0.81118 -6.4181 6.7886 -1.6119 7.0792
-0.79532 -2.9245 3.4227 2.2753 0.42089 8.8125
5.1458 5.2497 4.7457 10.216 -2.4639 9.6683
8.0361 4.532 -2.3624 5.3866 2.7501 2.752
5.735 -0.70843 1.9826 0.93406 6.227 -1.0434
-3.2536 13.302 -0.35601 2.0262 4.1603 9.3689
0.077745 -1.4612 -4.1337 10.018 0.99305 6.6632
-0.41524 3.9336 0.40269 1.4006 -5.4432 6.929
1.645 -0.25209 6.6725 -0.24195 -2.5467 5.3756
0.31486 -6.8994 -1.5966 8.6189 1.6122 5.7537
-0.36646 7.5193 2.5101 5.277 -0.3064 14.607
10.64 -4.2542 -4.4854 12.814 5.5297 6.3846
1.6681 0.29492 -3.6866 2.9284 2.6434 9.0432
2.3903 7.6833 -4.9562 6.5522 -5.7348 -1.6852
4.1454 2.5709 -5.7387 3.9225 2.5319 1.0506
-3.9289 1.484 -3.7701 5.729 2.6744 3.8732
-1.5665 -0.58168 -3.5986 -2.359 7.0028 7.5872
4.8795 0.98081 -1.7683 4.9986 0.3413 8.4466
4.4056 7.5607 -6.5742 7.0524 1.0521 17.039
-1.6441 -1.8438 -2.0274 3.9771 -6.3016 -0.029334
7.5026 -0.88616 -3.0997 2.5612 -1.8414 0.087414
2.733 -1.8223 -3.1749 4.1036 -5.9742 5.8753
3.5668 -1.6482 -1.2673 -4.357 -0.59186 3.5223
3.4371 -0.68993 4.6871 8.9675 -3.1179 2.8457
0.80011 2.4755 -0.019192 5.3686 -5.1523 10.812
-4.3251 0.35284 1.6841 6.2024 -0.017941 5.2933
2.4765 -3.0429 6.342 6.6188 -3.3628 8.8741
-3.2599 6.6078 2.7384 5.1472 5.0711 7.8138
2.3413 -3.4783 0.51755 9.6734 8.9095 0.59738
3.8294 -1.3217 4.3441 -0.47573 0.61065 10.063
3.7918 0.32039 8.9195 3.7012 1.129 5.9748
-2.5451 -6.7288 -2.0679 8.3365 -7.8334 4.3514
4.4664 -4.0363 3.3935 3.9418 5.9896 6.3873
-1.8419 -5.1746 -3.256 6.5717 -2.4953 8.5734
4.0067 -10.657 -4.9939 -2.4795 1.5636 11.42
5.4128 8.532 -2.7096 5.395 -0.80519 7.4084
9.3936 -2.9214 -0.29493 8.3337 1.3742 0.10128
-5.2032 3.3602 -7.8469 -4.9605 -0.34557 10.337
6.317 0.068776 -6.3944 3.0574 0.52277 4.8141
2.3514 -3.9766 -0.22826 -1.0127 -4.2562 14.381
2.6988 -0.16156 2.4023 -0.12078 0.53078 9.4401
0.75038 1.619 3.1418 6.3713 -5.9535 9.6166
3.9366 -4.5713 1.7494 8.361 -0.43427 5.6359
1.9655 4.7924 -0.71922 3.1622 0.73036 3.627
0.52495 4.7874 2.1201 1.9231 -1.1138 4.0804
0.84558 -0.38951 9.9714 11.209 1.3029 1.8135
5.4651 2.4574 7.9073 3.6555 3.54 3.7053
4.9665 -4.8744 -0.23753 5.5224 -6.376 11.728
7.4025 2.2875 5.6577 2.6083 -5.8214 4.607
4.4518 -0.51324 -2.4823 6.0293 -2.4791 6.7617
2.4164 6.4341 1.4032 -0.88867 1.7128 13.23
-1.5535 -3.8283 0.57769 4.0863 1.3828 5.0052
4.2591 8.046 3.0532 0.45717 -1.4214 6.1942
1.7737 0.080339 -4.8598 3.2335 2.3204 9.7653
3.8861 1.782 2.497 6.7581 8.3151 7.7976
6.4983 5.7981 0.6745 11.837 -4.3162 8.8504
1.0286 4.4118 1.315 2.1918 -3.3843 5.4866
1.071 -3.5035 -4.1144 6.133 -7.32 6.2924
1.9632 -3.661 -1.5743 2.1718 0.53444 13.48
3.8504 -3.6593 -6.1766 4.3578 3.1792 15.086
11.148 4.299 -2.9355 15.13 -1.486 6.8626
-0.49158 -0.54279 -3.8796 4.7253 4.3602 3.9037
8.3597 -1.7788 -1.3985 1.6122 -0.92624 6.6367
2.1383 0.33007 0.67697 8.0089 0.97482 4.6903
6.5916 4.1431 3.3918 7.6992 4.0555 4.1258
3.2388 -0.63556 -4.2763 -2.0867 2.3517 -0.89752
0.86315 1.2371 1.1745 1.4397 1.2627 0.79963
1.9632 -9.2616 4.3459 2.2079 5.7059 6.8825
6.8355 -2.6703 3.8453 2.9853 -3.6562 4.4116
8.0671 -4.2663 -6.3778 4.4196 -1.859 12.289
6.8441 -2.5566 2.9281 1.7586 1.1848 -0.40482
0.74495 -3.0479 -0.67507 5.7338 -1.4282 3.2852
-2.1553 -1.6884 5.5256 5.883 -2.2554 9.011
2.876 1.2933 4.2516 7.2524 6.2192 1.1199
-0.76085 0.30994 -1.8716 3.4414 4.1303 -1.6021
-3.0137 12.206 -11.709 2.2713 11.374 -5.2965
-8.485 4.6179 -4.3405 0.026567 6.6231 -2.3812
-0.9033 8.7328 3.1829 -2.3991 0.34277 -2.23
2.8782 7.33 0.83127 4.7009 10.186 1.8775
0.51613 4.3411 7.4828 4.525 11.592 2.1293
-4.4768 8.9136 1.3861 -7.0477 12.013 -0.83294
4.823 3.0437 -7.1724 -4.6073 10.683 0.93175
3.9479 5.6842 9.9307 -1.4732 8.8828 -3.5639
0.23854 -2.7151 4.2918 5.9366 9.6936 -0.39256
1.3288 -1.3879 -5.8398 1.5644 16.942 -1.222
1.2946 6.5609 0.884 5.2306 9.3851 2.7699
1.7135 2.0836 -0.17807 -2.3087 7.7938 3.4557
4.0874 1.8593 -3.0311 1.9084 14.767 -2.1958
-0.44129 5.037 -7.2546 -2.4861 13.829 -7.7205
7.356 -7.0162 -3.7877 -7.5006 16.032 0.24297
-3.579 2.0588 1.0982 1.2311 13.062 4.6756
-0.28781 -0.81949 -2.2236 0.15618 11.434 4.4578
-2.2035 5.3893 -3.4286 -3.0468 14.761 2.5088
-1.663 3.6222 0.19656 -2.1997 8.5368 3.9693
-5.6077 -2.628 10.423 -3.1178 8.0374 -3.7249
5.6629 3.1026 0.98254 2.0819 5.9776 -5.0275
1.3051 2.5969 3.0773 -4.1632 16.137 1.8368
0.49233 5.5974 -2.1655 2.3675 18.594 -0.61648
1.3849 0.9972 -6.2296 -1.1664 13.269 -4.7432
-1.843 -1.898 -4.5083 -0.94472 6.8416 2.8234
-0.47981 3.1977 2.1691 -3.5071 4.3874 5.521
4.5895 5.5052 0.1927 -3.3473 5.5929 1.0431
0.73373 4.9436 -0.18854 -2.6918 9.4292 1.1205
3.0441 6.1424 3.4437 -3.6788 4.0548 0.49661
3.6215 -0.24699 8.3246 -2.8257 2.9961 -2.83
5.1126 0.092322 3.8517 -2.5682 3.1697 0.081773
-1.1399 0.82348 -1.3392 -6.079 10.999 3.4215
-1.981 5.969 1.2045 -6.9816 1.0401 -4.571
2.5178 4.6346 3.7645 -12.516 11.168 3.8148
-2.7713 4.9039 0.28159 2.1828 10.893 5.0245
5.7024 7.57 5.8937 -3.8989 4.9762 -0.34519
-3.2934 6.2106 4.9441 0.88404 5.416 -0.4596
5.3665 2.8034 2.3967 -1.5769 6.8845 5.4835
7.5058 4.1464 -6.2255 3.3514 6.6493 1.8954
-4.154 12.412 -4.7843 1.5176 12.588 1.7781
5.7285 9.2667 -4.0358 5.9184 8.6261 -0.59901
3.0759 1.7059 4.1905 0.9527 5.7939 -3.2646
1.4626 -3.9585 -0.1037 2.1559 11.217 -1.8053
0.04814 1.9303 7.6045 -1.5149 13.12 1.6705
0.25719 4.0369 -0.48151 -3.6587 2.2968 -3.6705
4.5317 -4.4905 -0.042156 -6.8969 14.016 -0.12299
-1.5868 8.7115 -0.89637 -5.485 5.0809 -2.9442
-1.4392 9.1773 5.1357 7.043 1.4207 -5.3638
13.361 3.4534 4.2153 -5.193 9.4994 6.52
7.366 1.9313 0.74635 2.0481 13.724 3.4781
5.349 6.5056 -2.001 0.27303 14.096 -0.825
4.832 6.4243 -1.5015 2.7577 7.6274 4.5889
0.89851 2.9876 -1.4521 -0.89512 11.959 0.3323
-5.9582 1.2747 2.7249 -1.0949 8.7039 1.8888
0.23589 4.5303 4.0556 2.5202 8.4322 1.7173
4.0458 10.946 6.5801 -1.2669 13.802 1.2085
3.6862 -2.3201 4.153 0.96661 10.155 0.052566
7.4177 10.372 -4.3118 5.6675 13.047 -0.043897
5.8887 -3.8449 4.0242 2.4764 11.159 -2.8933
2.8153 0.15226 0.50581 -2.379 6.6208 4.7135
-1.2069 5.7979 -2.8367 -1.1048 11.404 -1.1923
-0.13069 7.938 -0.80339 5.6664 8.5828 -0.16713
3.0425 0.046054 -0.57735 -7.1377 4.2996 -4.2935
-0.88403 2.7648 0.0078516 1.273 10.018 0.12525
-0.77903 0.23527 0.56688 6.1871 9.1703 6.0009
6.8175 -2.6649 -0.54201 0.045538 7.1032 -4.4501
0.46488 8.0638 -1.7786 0.79512 9.6729 2.8847
-5.325 1.5745 4.93 3.8645 5.8101 -5.8588
-7.771 3.6223 5.7883 9.2308 16.81 2.1442
1.9808 11.952 2.1804 3.8207 2.8187 6.1522
-0.91624 4.8671 0.27936 -2.2631 3.0386 0.49631
-0.58968 3.3952 5.6887 0.022575 13.405 -4.6204
0.44152 6.3811 -1.4752 -2.7438 6.1302 6.8755
1.1489 4.4613 -1.2055 0.043368 6.6419 -4.2001
-3.0764 -1.3256 0.2271 -9.7562 6.6478 -2.6919
0.89861 6.4371 3.9844 -4.025 12.789 1.7524
-7.7827 3.5336 -0.40749 2.2392 9.6746 1.5002
-2.7355 3.144 2.1969 1.9121 11.188 -0.30696
-0.57666 6.5477 -0.40051 -5.3236 1.7599 1.0124
2.1096 4.2821 0.89202 2.0485 2.0721 1.7497
2.1113 1.3082 -7.9122 0.80313 10.075 -0.6755
6.067 -1.3296 5.5868 4.1799 1.6782 1.0628
7.7293 6.1047 4.0262 0.79982 16.801 -1.482
2.7798 6.6498 -4.2408 -3.7704 10.481 -2.0807
-2.3063 4.3129 -9.8994 -3.587 14.426 -2.0438
3.133 3.8669 6.6273 -4.9496 2.1107 0.31579
6.0108 3.141 0.2363 0.95435 11.329 -4.04
5.513 3.0268 3.7355 3.3826 11.161 -2.7941
1.4099 2.6598 2.3717 -1.7016 13.781 -0.48202
-4.8224 9.2344 1.6546 -1.2944 7.8079 1.4305
-4.1549 8.1424 4.6945 -2.1947 3.7274 -0.8182
-0.46442 2.0086 1.904 -8.8018 6.3282 -0.0098118
3.0825 6.4589 -6.8199 -5.0525 7.095 -2.5192
-1.3576 1.1809 2.7187 -1.6655 7.9052 -6.0856
-5.2753 0.63276 -1.3614 1.3074 8.3474 -2.415
6.284 3.011 0.77571 -3.3763 10.216 -2.3697
-0.81025 4.3291 0.87835 -4.8569 17.611 5.7213
5.0015 1.2381 1.3729 -4.4247 5.8544 4.0973
2.7484 -2.2569 -2.2308 3.1868 6.5293 2.0387
-4.221 6.7014 -2.2858 1.1094 16.214 4.8911
1.2206 1.7155 -4.2967 0.57421 19.068 0.32809
3.6955 3.5918 4.3881 3.1216 6.2685 -2.2756
-1.7429 5.8389 0.37572 3.4298 1.5439 3.4333
-1.7773 3.8335 1.8129 -2.5026 11.183 -2.7134
2.2813 3.5906 4.1393 -6.8915 6.383 -3.1227
-3.1514 4.93 -4.6241 -5.8314 8.8909 2.1696
-1.7268 5.6949 -4.5391 3.6033 8.8005 -2.3268
6.3032 1.194 -0.70508 1.8833 10.49 -4.1685
-0.37532 4.908 2.7625 -5.5744 3.9664 -3.148
2.8186 5.9269 -3.4757 -1.6587 10.149 -2.5493
-0.95525 4.911 -3.0062 -0.2562 7.5303 -5.4853
-5.1746 -2.5908 2.1367 0.47209 3.2407 -2.9689
-0.91377 8.0897 1.2572 -0.24461 8.6323 2.108
-1.2461 -0.66121 2.2285 -3.3241 5.0161 8.6599
1.8043 11.281 2.7701 4.4141 20.656 -2.3491
-1.0122 0.85434 4.1781 -1.9995 9.4008 2.3945
5.0416 2.6218 -6.947 -3.7978 8.8057 7.1203
-7.2232 7.8574 0.57872 -7.845 8.2795 -0.063337
2.556 -1.9326 1.4731 -5.1026 8.729 -1.5179
-1.1289 5.3551 -6.8056 11.026 14.068 0.83978
4.8584 6.4427 0.37284 -2.389 3.6536 0.83147
1.273 5.6518 4.2698 5.9342 6.1287 -3.2904
7.5274 0.59152 -6.0833 -2.0829 13.252 0.45478
-0.63406 5.3206 0.16904 4.088 11.08 -2.3708
-0.27005 -0.41818 -2.3042 -2.3774 8.4277 -4.3888
2.901 4.6952 2.8278 -2.8441 14.614 0.47404
5.2139 1.2929 -4.4892 1.4183 8.8004 3.5963
-3.8317 4.2571 -4.5221 0.63823 12.996 2.391
-9.6002 0.23688 5.1788 2.7775 9.1874 0.0069868
0.23835 5.1525 1.9289 -2.0184 16.36 2.811
1.9956 1.5322 5.48 2.2335 12.516 4.3166
7.0927 0.092483 3.4683 -2.7992 11.807 -0.56319
-0.042789 -5.3259 2.4616 3.2985 5.7766 -1.3112
1.3673 5.3822 0.48046 2.6534 7.4385 2.8466
3.6819 10.454 -5.2871 1.1872 10.739 -0.033492
-1.4739 1.2785 -0.027236 -4.2286 10.356 7.4746
-3.056 9.2555 0.82489 -6.6002 3.4937 -5.1838
0.080317 2.7612 2.0266 -2.4009 10.307 -5.9738
-6.1066 0.25107 -3.6496 0.49674 10.615 -4.2511
3.0222 3.8306 0.36528 -6.1472 2.1344 0.55514
-3.1454 1.8669 6.8726 2.0531 4.595 -0.23238
-5.2224 6.2776 -2.2057 6.4503 15.045 -0.95233
1.2342 0.062882 0.42442 -1.8815 7.0232 3.7442
2.9136 4.0176 0.71039 -0.58059 4.674 -0.60991
0.061874 4.6511 -3.6701 -4.1162 7.7586 2.0647
3.1236 4.009 1.4485 -0.2341 14.193 6.5098
4.0167 4.6461 0.84635 -3.5276 10.915 4.6326
3.7275 1.8057 -9.5083 4.1352 0.19838 -1.9507
0.16832 -2.4158 8.8632 3.0804 6.9952 8.8793
2.0614 4.8523 5.5011 0.93213 2.8353 3.8879
-1.2091 -0.28251 4.8435 -1.1287 6.7554 0.92652
7.0388 7.9545 3.4302 6.5225 1.5999 -4.2591
-1.8799 2.268 -1.3691 -8.632 11.875 6.8116
-3.6102 6.9509 -4.7966 1.4089 13.312 -0.44639
-1.5047 10.397 -1.8792 2.6863 12.581 -0.45542
-1.777 2.1426 2.0102 0.182 13.199 0.11752
-4.1142 1.0929 7.6427 5.2901 14.178 0.90411
-4.1078 7.9468 -4.0082 -3.1318 5.9413 8.8512
7.9173 4.7676 7.4704 0.24304 7.164 5.4102
1.2685 3.6491 -4.2092 5.4598 3.656 -0.32136
-2.6951 4.0689 3.2146 -3.5822 1.3354 6.3578
5.2684 0.54394 -0.29067 5.0404 5.4585 -1.4068
-2.8338 7.6994 -7.808 -7.0677 3.9476 -4.267
7.1369 1.6604 9.9986 -0.91538 9.4138 -1.8225
-0.16652 7.9404 -4.8262 5.7128 7.7004 -2.4282
-2.0746 1.5554 -2.8297 2.2025 10.944 -0.49873
6.2812 9.3237 -1.8037 -0.020803 5.4651 -0.27474
-1.2308 4.6885 -1.5017 1.0311 10.559 3.3048
1.0358 -8.9108 0.85148 -3.6258 9.9815 -2.82
3.9086 2.7696 1.3171 -5.9866 2.6408 4.0009
2.1615 8.5399 8.3683 -8.3471 1.3642 -1.2255
-1.5562 2.2245 5.6871 2.4205 -0.13465 2.0473
-7.4252 0.89744 3.8529 -7.6852 6.5799 7.3547
-2.1284 5.2953 -2.6296 1.5773 9.5349 0.54379
3.73 9.356 4.297 -7.244 11.246 2.0062
5.3057 6.4677 -0.79549 2.0103 5.2213 -2.7756
1.9825 3.9531 -1.1549 1.1005 7.5007 0.928
4.7085 5.5609 2.1835 0.66346 0.11653 -3.1547
2.2913 5.5733 -4.7814 -1.5255 16.329 -0.68657
6.809 2.7794 -9.6204 5.0257 6.0512 -2.8305
6.9965 5.0904 -1.6542 3.3755 10.7 0.36161
-1.3333 3.4483 -3.3734 -4.9436 2.7874 -3.5237
1.0806 6.3059 3.4134 -2.0841 7.2298 3.4285
3.4051 5.9844 -1.0502 1.6607 13.039 1.0552
6.1333 -2.2102 5.7584 -1.5166 4.3526 -5.1311
1.5906 1.3123 -2.0991 4.2986 11.195 -7.8378
-1.0593 -1.422 2.5052 -5.0371 4.4753 -6.0194
0.88038 3.8843 1.9615 2.098 11.789 -3.735
-4.3319 -5.6109 1.5685 2.898 11.174 -0.044479
-1.1288 3.0278 -3.8771 1.3809 8.7058 1.5333
-2.4381 7.7326 0.24061 0.98898 16.376 -4.8399
1.7292 5.2452 -0.50631 -5.4268 2.7727 -7.1712
0.023473 9.1461 -2.3087 6.6557 11.344 -1.9932
5.5827 3.4416 -1.2207 -0.55991 16.323 -6.8368
1.7857 1.3488 -1.9331 -5.0646 10.443 -0.95868
-3.5341 -3.839 -1.2412 -3.9588 12.032 -4.6258
2.757 14.042 -3.4462 -5.7828 8.457 1.7788
-2.9808 4.6631 -4.8801 -3.7394 12.726 -2.5562
1.8293 7.7624 -2.582 2.4446 2.0142 0.26561
10.781 5.6409 -1.1566 -1.321 4.6733 -3.8598
-0.75057 1.9506 4.0017 0.76214 4.8397 6.9399
1.8067 2.2214 -2.3523 3.233 4.6189 0.34356
5.5832 -6.5981 6.2299 -2.6688 18.774 -1.1076
-3.0604 -0.52514 -5.4455 3.0292 16.122 -5.3062
6.0173 1.8034 7.6003 -0.74322 6.7214 1.3606
-0.60331 0.85517 0.71144 -1.1858 10.967 -4.3778
4.3308 6.4103 -8.6664 1.3209 2.5851 -4.6708
-1.1352 5.3265 2.8276 -0.69572 6.3761 -2.8294
7.9228 1.4753 -8.9013 -2.3159 8.0308 -2.6609
5.7728 -1.2386 1.3648 6.8008 10.422 -2.4885
-1.7445 6.6271 9.005 0.19381 14.016 6.6424
8.3168 3.1785 -0.66455 0.087077 11.669 2.5926
-0.11776 4.8366 1.9481 -1.6162 9.1208 5.425
4.2264 4.8842 2.6919 -5.877 14.17 -10.716
1.7115 3.022 -1.4998 5.0064 8.4638 -1.1065
0.98051 6.3648 3.282 -3.8507 11.82 -0.59937
9.124 4.4118 -1.4995 0.45426 17.337 -1.2914
-5.1545 3.6866 3.514 0.2261 4.52 6.5942
-5.0698 -0.75899 -3.992 4.5914 8.0773 -2.0696
4.2475 3.6594 0.28184 -1.0123 5.282 -3.2411
-7.6543 7.1675 -1.1622 -3.2735 2.9254 1.2719
4.2866 1.865 -3.1134 -2.262 13.16 -4.9803
6.2281 5.1043 0.35423 0.54875 7.3541 6.5091
-4.9456 6.0399 -5.8947 -0.76265 2.3933 4.0395
0.8699 16.822 -6.5592 -5.8863 5.1037 9.3227
-1.3951 0.62617 -5.8131 4.1358 13.142 2.2171
4.7307 2.6841 -3.2135 -1.9159 11.787 0.81829
-1.5331 1.7804 3.3703 10.089 9.6506 4.9544
4.2152 -2.6319 0.19937 -0.059778 2.8594 0.54104
-2.0572 4.2348 4.9918 -1.0178 7.1184 -0.077839
5.3096 4.8017 3.9484 0.3428 5.3508 -3.7758
2.4913 2.0502 -1.9245 0.8851 14.555 -3.0968
-3.7436 3.3202 -5.4432 2.1903 6.5503 -0.14817
-3.6044 3.0905 0.11087 10.507 12.605 2.6477
1.2266 2.2912 -1.3912 -7.7719 15.982 3.9137
-6.9122 0.085621 4.8965 -4.049 14.549 -2.6198
4.663 0.62282 -2.9346 -2.7361 11.687 -1.8904
6.9058 -0.16813 6.3182 1.232 4.0416 -3.5364
3.6454 6.2956 1.017 -1.5026 18.496 -4.9941
-3.5899 3.3965 1.8576 2.2497 3.9136 1.1696
1.9619 4.8122 -2.8601 -5.5617 6.4551 -1.1938
9.9508 0.69577 -4.0634 4.6196 9.1346 5.3439
6.0307 -5.1654 -0.70411 1.0597 12.187 -1.7248
3.1832 3.6991 0.085178 1.3194 10.294 3.496
4.4965 6.0045 -5.8436 -4.9199 5.9877 -2.0467
6.3737 8.0743 0.44178 -2.3817 5.2213 1.8065
1.7683 -3.7866 -3.0746 0.65682 3.1928 4.9218
0.57394 4.6875 1.6854 -3.0619 7.6751 -0.74256
-0.079106 4.1341 3.905 3.2627 8.0482 0.87087
1.6461 3.6846 -7.5637 -2.5415 8.6383 -10.533
0.070888 3.0576 -2.9025 -3.1546 7.6755 -1.8857
-2.0565 11.279 -1.0843 1.8689 11.213 0.79964
-2.7186 -1.1319 -9.0063 -3.5826 8.638 0.44131
3.4315 4.3056 -10.377 3.879 6.8534 6.6488
-1.2604 5.2672 -6.7741 -6.0554 8.0924 1.3623
-2.7647 -4.4069 3.5816 -2.9306 15.758 -0.0065773
-4.4853 5.2552 6.4744 8.1376 9.4602 2.0884
-4.4943 9.3321 -2.5516 -3.3972 13.445 -5.1707
3.7464 2.3527 -1.8062 -1.8661 7.6792 -1.8714
-0.45622 2.3349 0.71092 1.1112 6.3947 1.9863
3.4762 -2.3248 3.2579 1.4245 14.773 -0.93172
5.8616 4.7122 3.5194 11.714 11.648 -9.5752
-0.06732 7.6462 10.024 5.599 6.7866 2.8923
3.9018 -1.5297 1.8912 -2.028 14.703 -5.4737
12.584 -1.9057 -4.6719 2.6574 8.2545 -5.0508
-0.34147 1.0983 9.2746 5.6855 8.9345 1.7025
2.7904 3.8842 -3.9914 -0.19703 8.9984 -0.97191
-0.22189 7.983 -2.8199 -9.7121 8.5795 -3.1175
5.4678 5.7482 3.6287 -1.2282 10.334 -6.3185
-0.60089 3.171 0.70215 -5.1963 3.4768 -2.4892
-0.66861 0.12569 0.27298 2.3389 11.396 -8.7491
3.6519 3.7436 0.023665 -0.43365 -0.62746 1.419
0.91299 5.6555 -5.3583 4.196 9.1317 -0.30131
-1.7385 0.61286 -5.1418 -4.0588 4.7047 -5.2227
-7.6673 4.42 -6.7061 4.6139 11.029 -0.78958
-4.6315 4.5805 3.0235 -4.6487 5.16 11.748
-1.1626 8.8064 -3.5831 6.052 12.672 0.89294
4.1533 9.7245 -6.9386 0.71867 6.3895 1.5938
3.7957 -3.9529 1.9062 4.7725 5.4291 6.4408
3.1847 7.8778 -1.0159 -5.709 10.289 1.5446
5.1113 0.90206 -5.2126 3.4539 7.7427 0.038831
0.20252 -1.7496 1.161 -2.3771 7.0944 0.29
2.5263 1.0745 1.7587 -6.1547 6.9806 1.2768
0.75258 1.5906 2.0136 5.0479 12.589 4.2834
2.7969 4.7497 -2.4402 1.6432 7.2293 1.2033
0.258 2.637 -1.4157 -0.63199 8.7475 4.6888
5.1311 -1.9085 -1.7284 0.91277 6.8162 -0.43766
-5.2467 2.1069 0.65792 -1.9366 8.4937 3.309
10.448 -4.1292 2.042 -5.4465 6.047 -2.0793
-0.081021 9.8293 6.571 -8.4475 11.263 3.4121
-3.9284 0.92526 -2.4605 -6.8654 10.259 -4.7005
-3.5801 6.2816 -2.5147 -1.878 12.589 -1.8176
0.83493 6.1692 -0.70623 2.6885 10.214 -2.0244
6.2072 0.88235 4.645 -0.4199 10.508 7.2148
-2.7732 -2.609 -1.5939 0.53724 9.9627 -4.051
2.6761 -2.6263 3.7134 -1.8182 15.39 -4.9612
-2.3031 6.728 -2.9425 1.2507 8.6922 1.0663
4.8187 3.0213 -3.424 3.2567 7.7613 -4.831
-4.2003 7.0911 -7.0315 5.8108 -3.2461 9.4209
1.8747 9.6662 1.8902 7.862 -3.0089 3.0562
1.1316 7.2599 3.1979 4.3148 -5.3037 -8.4586
5.3648 9.9627 -3.1936 6.2785 -0.72592 -0.36141
1.5224 14.076 4.0642 -0.85515 0.52566 3.5393
5.7417 9.9819 -2.2494 10.009 5.5753 -2.7535
3.1984 6.7165 -3.3912 2.0345 2.8249 3.1829
6.5142 4.3689 0.74798 4.8771 4.6514 -4.151
0.51643 14.567 2.6273 6.6795 -3.0148 0.3928
-8.3391 5.673 1.8494 9.5796 1.2877 6.0949
-2.5885 11.396 1.191 2.7959 6.5428 1.4969
-1.0069 10.621 2.3662 6.1073 -2.5912 4.956
0.76087 9.9039 -1.242 3.649 2.6931 0.26212
-1.8702 8.7596 2.7453 1.6518 5.0942 -2.7212
2.123 4.9254 2.489 5.8547 -4.1592 2.0542
0.97862 10.277 -6.2406 5.3178 1.9518 0.21476
7.7857 6.7402 -2.3163 5.8371 -3.627 8.5205
-5.1082 7.2788 3.7763 1.8781 -1.8988 -3.2784
0.02983 7.0703 -1.4463 3.9421 -2.6643 0.39595
-1.4538 5.3894 -2.4639 7.3326 -2.0081 -5.8469
5.0673 2.4358 -1.0277 8.7781 -1.2355 6.508
2.1521 5.5259 3.7132 4.9183 -3.3476 2.6418
3.2273 12.151 -5.0257 13.96 -2.5133 5.6684
-0.44589 15.217 3.1234 1.9344 2.0036 -1.0129
3.6516 7.0401 3.1999 0.63742 6.681 1.8017
6.0985 9.7326 2.0396 12.539 -6.1669 5.2055
-2.7695 8.9331 -2.6045 2.2903 -1.088 -1.1733
-3.6099 0.58299 -4.5162 5.2436 1.3666 2.2769
0.28158 7.9527 3.6419 2.0341 1.9375 -5.6227
-2.7539 3.5526 1.6408 1.3062 3.8107 -1.1725
4.9236 0.83355 0.48865 2.9061 0.5254 -0.47818
-1.0982 4.3953 0.72365 5.3485 -6.9677 -2.8001
-4.4144 13.925 1.6315 4.209 2.671 -6.3081
0.32478 7.5649 1.4632 9.4688 3.5926 1.1503
-3.143 2.9025 4.7884 4.326 -2.1973 0.96081
-5.8542 10.065 2.6507 11.076 -1.27 2.4898
1.5874 9.1668 0.34989 2.7105 -2.3308 3.8741
-2.2571 5.9621 3.9165 -0.23813 -0.65684 -3.4981
1.5126 9.4374 7.5866 7.1796 -3.7405 1.0491
4.682 6.0626 1.0087 11.281 4.7524 0.58007
-0.18325 2.1017 3.9545 5.0689 -4.8512 4.7902
-2.5402 2.1685 -4.3644 10.941 -1.5247 3.699
1.3255 6.6536 4.5966 5.0262 5.2906 -3.1354
3.5288 3.3666 -2.2703 3.4692 1.5414 -7.2603
1.6742 5.1033 -1.3478 1.0464 -1.4473 -3.2474
-0.16219 7.4121 2.7365 10.283 -1.7055 3.9557
-0.28057 7.7792 -1.6287 0.81677 1.5486 -0.02953
-4.0586 0.93796 -8.7184 4.6951 3.6111 -0.81488
-0.53499 8.4528 -7.9408 2.8828 2.8711 -2.787
-0.1632 6.8276 -5.5407 2.9071 6.9443 -2.5001
2.4111 9.7768 2.1849 4.8653 -4.0353 1.8528
3.129 10.621 -1.9924 6.5733 -0.72016 3.0325
0.85855 1.9329 -1.329 6.9441 -8.1062 2.0256
-3.2391 9.7393 -4.3018 2.6222 1.6358 0.72007
-5.541 7.8304 7.513 7.3632 2.9373 4.6761
0.3635 12.404 -0.96724 8.06 0.32787 -0.72159
-0.85609 7.9536 -3.2263 5.439 -6.7461 -0.065142
0.60347 4.2449 1.0339 5.091 -8.2468 -3.9181
-9.4217 -0.9854 -6.2872 1.1631 7.2837 0.80243
2.4806 3.1241 -2.0888 7.2414 -4.9965 -0.5899
1.2425 2.3683 0.39593 12.585 3.7453 -4.0795
-0.36312 7.8187 8.3588 8.9966 -0.68623 2.221
-1.5877 1.8131 1.1949 5.54 -0.31348 1.08
2.3787 1.6043 1.2537 8.3059 -2.4415 8.2459
0.88077 7.7675 3.1143 6.7404 2.2755 2.0669
-2.866 14.824 4.1585 8.2915 -0.62879 2.0713
0.046968 3.7294 -2.1417 6.4931 -4.274 -0.70562
-3.82 0.81463 1.4276 6.0382 -1.2501 -4.3697
-3.1134 -2.0807 -6.7792 12.359 -0.068492 -4.7453
6.115 3.6573 1.8984 6.4927 -0.52933 1.3535
-7.4734 9.3646 -4.5288 8.5537 1.7787 6.135
-4.8838 6.5076 -0.64813 9.1121 1.607 1.5112
10.601 7.2869 0.82446 11.308 -10.057 3.8129
0.3797 9.9123 -3.3823 5.3774 -3.154 -1.9606
1.5849 13.057 5.1065 8.5139 -0.45607 1.2542
5.4301 -0.51057 -2.0621 6.2624 1.8965 -1.0552
-7.7646 5.4764 -2.5277 4.0682 2.7397 -3.1687
7.0424 4.278 2.7127 5.591 2.1591 2.9764
4.241 4.4806 5.2744 8.4173 -1.5218 -1.1222
-4.1872 -3.0949 0.70979 3.0114 5.7722 -12.868
-1.0881 1.9761 -4.2105 12.333 -3.2372 7.7391
1.7475 12.005 4.1674 13.535 -5.8849 -1.195
-3.4631 9.9481 -3.017 3.0839 1.7017 1.5319
-2.5601 7.5645 -8.1014 4.6124 3.8568 -1.8175
-2.0771 10.054 -3.9753 7.8465 3.8817 0.62584
-0.59393 1.7099 6.167 7.6115 2.0893 -1.0451
-2.6035 6.5762 8.2385 11.54 3.4991 -0.24579
2.3987 5.7096 0.86238 5.7144 0.63227 -1.7396
0.37638 10.197 0.36981 12.377 6.2628 -4.4147
5.5249 13.126 -7.1206 2.66 5.411 -1.8351
-3.0193 3.7042 -7.1862 6.3214 0.37011 1.1767
3.8701 11.542 2.9999 7.294 3.1301 -0.77911
2.1558 7.4255 -0.99883 2.1324 4.4401 6.3907
2.5724 12.317 -3.1219 6.2368 5.9998 12.382
-0.36475 11.142 -2.0889 4.9393 -0.52952 -3.0232
-0.33076 3.4691 -1.8911 9.4308 5.0312 -3.4894
-5.3405 14.86 -0.49632 8.1827 4.3732 -4.212
4.6931 1.4433 -4.3714 13.415 3.9009 -3.9024
-0.76056 8.0595 0.83615 9.9844 4.8011 -0.44843
1.5827 13.528 1.1133 6.4116 -0.42913 1.3817
2.9789 1.1802 3.301 -1.6735 2.478 0.61951
-1.0025 5.8632 -2.0092 5.4757 4.3639 -5.2274
0.66152 5.6513 6.3554 2.9255 -1.7681 6.1028
-1.7412 7.8397 -1.3258 15.56 -5.1232 3.8345
4.6833 9.533 2.1473 6.309 2.6351 -3.9447
-3.6367 6.0615 -1.8296 7.5024 0.80412 -0.94876
5.2058 8.9542 6.8294 7.5823 1.8001 -1.9432
4.1655 15.9 -1.9069 5.55 -0.052275 -0.24466
5.9009 13.418 3.7125 -1.3161 -3.3859 -2.5597
1.1467 14.122 -1.4256 14.366 1.9309 -2.8613
5.7847 9.3885 3.7796 7.4364 3.7325 0.72566
-0.24001 4.4403 4.3646 2.8226 1.1668 -1.2104
-0.63388 8.6843 -0.63902 5.0908 -0.85357 -0.0086964
-1.6993 9.9163 -1.336 12.375 -0.16282 -1.4061
1.8189 11.335 -2.2482 6.6208 -0.91211 -0.57948
-1.6593 10.232 -0.76321 6.7144 -5.5244 0.85629
-0.23422 4.7951 -1.7303 4.6491 1.0603 -2.6166
-1.0126 2.0343 -7.5211 -0.099968 4.2483 5.5423
-0.85279 1.7561 -1.0855 3.1624 0.23419 2.4205
-8.5084 5.0088 1.1655 2.5335 -2.2584 -11.022
-0.94213 9.2269 -3.011 6.2859 2.6506 -2.6508
-6.8328 13.391 -2.5761 6.6225 4.8363 2.5757
1.2891 6.8216 -2.4274 5.2712 1.8193 3.7429
2.9595 10.894 -0.15977 8.9241 1.9743 -5.7059
-2.7896 2.2996 -3.2738 4.6097 0.88648 7.0654
2.7668 12.554 -4.9796 6.9377 -2.2986 -0.15901
1.7116 7.5079 6.1729 2.5291 0.52908 -6.0105
0.04956 12.172 -2.2296 2.0698 4.5146 -1.6999
7.0237 9.7483 2.1665 4.8257 -0.22402 -2.5972
3.0867 4.6164 -4.6877 9.2979 2.8251 6.2818
-0.1245 3.3054 7.9055 6.7765 -0.2422 -8.7642
2.8051 -2.032 0.037042 7.1908 2.361 -3.2284
2.5994 6.7408 4.6597 3.1595 -2.4784 1.5474
6.7373 6.6032 3.0851 3.2493 -4.7611 2.9717
-5.5592 5.6193 -0.033273 8.2914 -9.7414 -6.4993
2.9161 10.858 1.2591 7.7809 2.928 5.4721
0.81511 7.1513 -2.4883 0.69616 1.3872 -5.6354
-3.6165 9.956 0.45211 0.00049836 2.9123 -3.5287
-6.6337 10.244 3.4233 10.064 2.2846 -1.3862
-3.5637 8.284 -2.1421 5.8899 -7.1103 3.3714
-0.3831 3.6571 -2.2794 5.3582 0.41352 2.2029
1.634 9.496 -0.81937 7.5153 7.7394 0.020354
2.6954 5.4966 3.0417 5.5714 3.7227 3.5093
-1.2694 1.4001 -3.9404 6.8513 -0.60334 -2.1742
-0.92489 11.096 -4.2042 7.8723 -1.8728 6.2889
2.7007 16.984 -1.1635 -0.4643 -1.4611 0.36778
3.325 4.0045 -1.0594 6.059 1.0325 -7.3662
4.8088 7.2645 2.7605 5.8489 0.74144 -3.6163
-7.5924 12.129 4.3096 7.6152 -3.5783 -3.9426
-4.8298 -1.3263 -4.2661 7.221 -1.8177 -4.5193
1.1445 -0.49598 -7.6184 1.0276 -1.1321 2.6431
4.205 6.2136 -6.2832 6.5274 4.386 -4.8313
-3.583 11.391 -4.7931 2.0021 4.0712 -0.0007939
-1.1602 20.751 -5.1576 4.5831 1.2102 -0.48616
-1.8236 20.05 -0.3501 6.4224 -5.0437 -3.0945
-0.26922 11.266 -1.6504 9.8217 0.9606 0.43516
-1.8112 9.7643 6.4202 7.8592 3.1338 -2.8107
3.03 4.911 2.9524 7.0668 -0.77208 7.3919
-6.2008 0.070349 -0.10422 0.30711 -5.228 -6.0401
8.0851 6.8092 -4.955 6.4442 -3.0624 1.0604
-5.4549 7.9131 0.628 10.691 3.1302 -1.9989
4.0351 7.5914 1.3853 -2.4623 -0.27465 -0.83801
4.6297 13.828 1.7784 7.8486 1.5329 -6.9215
-0.66627 7.6455 -1.4705 -3.8396 1.2457 3.3666
0.71974 13.607 -4.0066 4.7806 3.0082 0.86436
-1.7954 10.28 6.2719 7.5929 3.8288 4.3824
3.1403 10.431 -2.1983 -0.82315 1.766 2.4844
1.282 1.5795 0.17375 9.0376 2.2126 -3.182
0.92384 10.377 2.7741 6.813 1.4688 -4.8874
3.439 9.8278 0.10544 9.8347 -4.5788 -2.0433
-0.33962 4.4041 -3.0702 7.9473 3.7099 2.0782
4.806 8.7309 6.5426 4.2164 4.1909 -4.4197
-0.09331 9.0156 -11.146 7.3027 1.3164 -0.97954
2.7743 9.4058 1.8816 5.9196 -0.9587 -8.7429
0.3068 10.091 6.0234 -1.5539 -2.2713 -3.9377
2.0601 11.879 -0.53562 7.3534 -6.2584 1.8938
0.72457 7.5226 -0.45245 7.3512 0.11887 3.2659
2.3553 9.3715 -2.47 7.6973 2.4287 5.5637
-1.6784 7.2429 9.7277 6.4515 3.8412 1.6796
4.7932 11.144 6.4891 5.5269 -0.50215 1.445
-1.3507 4.8111 -0.13354 -4.7451 -1.9303 -3.9131
1.4709 11.412 -1.0167 12.193 6.8816 -7.9153
-4.5432 2.3385 -3.2745 2.3025 6.8465 3.9781
5.5225 10.738 6.1499 3.1184 9.5678 2.1521
3.3844 6.6461 -6.4259 9.334 -3.749 1.7821
-1.1995 8.4342 -3.4649 3.734 -5.1354 2.6169
-3.5454 5.83 -1.7535 2.0034 0.65039 -1.7519
-1.5109 6.6927 -4.3583 8.5651 1.5561 4.4906
1.528 8.4659 -4.8831 4.9842 2.74 3.8394
1.7162 10.672 2.8297 1.5132 -1.9673 -1.1544
2.7005 10.742 -0.27946 12.592 -0.79521 -2.4638
-2.2058 8.6079 -1.9452 4.7733 -1.2332 -0.20247
0.16655 12.218 -1.0265 2.9038 -7.884 2.6767
-0.67053 8.6963 -0.42793 0.58304 -3.2885 4.5995
-2.4636 12.08 -3.7955 4.6963 0.26929 3.9578
3.347 14.79 -0.84513 12.213 -1.6625 -7.5715
1.4406 2.4842 -3.4412 8.5125 3.3672 1.1784
-1.3586 2.6881 3.2349 1.8898 2.374 -12.275
-1.5955 12.197 1.957 5.1922 1.196 -6.3951
-0.11252 6.5938 -1.3888 9.4443 2.4813 -3.3853
-2.7809 9.1087 1.3246 12.233 8.219 0.17681
-3.5759 13.46 -3.4069 5.4813 -1.0072 -0.23074
-0.28092 4.6454 -2.4426 2.7289 10.654 -0.49047
-1.5772 3.3094 -2.4847 7.154 7.4313 4.1486
-1.1662 7.5618 0.82819 1.4745 5.0588 0.46896
1.7894 7.9537 0.21374 9.5253 -7.8754 3.5267
7.0167 9.2914 -8.1119 2.2231 -2.2597 -0.30456
-3.263 9.2187 -3.9211 3.5136 -5.2689 -3.6577
7.4853 1.4983 -1.952 -1.9642 0.80845 -4.7453
0.53824 6.3864 -0.86103 2.1922 -4.2336 4.799
-2.7057 6.2374 -2.0538 7.0318 -1.7599 -1.6638
2.5979 -2.1716 2.6176 10.793 5.9115 1.9358
1.5686 1.9397 5.1835 10.436 -4.913 -0.02605
-2.1661 10.288 4.0286 -0.45067 -7.3867 -2.0951
0.50632 2.7975 1.5478 4.5735 -2.9904 1.8421
-5.7344 8.1709 4.3301 5.9655 -1.0252 -3.3696
-10.244 0.16389 4.7305 5.9415 2.7357 3.6812
1.2166 8.3787 2.2193 6.8684 0.47285 5.1137
-4.333 10.726 7.9823 6.7208 -1.4094 7.2815
2.5392 11.767 -1.0115 3.9179 0.93843 2.7036
2.4117 5.4589 1.3921 5.0417 -4.5529 3.7419
4.0729 3.2792 -1.8205 3.2279 1.2041 3.153
2.5842 10.337 -2.5428 3.2604 4.1468 -4.0328
3.0857 7.0208 -3.9194 9.7304 -0.081014 -0.46132
-1.1113 7.43 -3.046 1.1658 4.7425 1.6766
8.963 12.116 -5.1342 4.5569 -1.3305 -4.5719
1.0712 14.505 -1.205 1.2705 4.0796 -0.89391
1.5983 3.6995 -2.8289 8.5786 -5.3839 -5.6656
5.2779 5.2427 6.2281 1.6447 0.181 -1.0492
-4.1735 7.5396 2.1117 -0.7939 2.2791 0.91211
12.126 9.8848 -7.737 0.83856 -4.1922 1.3445
-4.8644 12.569 4.6748 8.1825 -5.9062 2.7338
5.7079 9.4708 -2.1367 14.541 -2.3647 3.9229
5.342 5.4858 -6.3117 3.6926 -1.036 -0.86213
-2.6706 11.209 2.1247 9.3008 5.4273 3.8449
-7.8861 9.526 4.9005 12.452 -4.0226 4.1398
-3.6554 6.5519 1.1667 10.864 4.1769 -0.62764
0.64014 9.575 1.6157 12.456 -1.0373 0.4431
1.859 8.0069 -3.1933 3.6002 -2.4768 3.6377
1.2632 14.494 -0.59797 10.16 -1.4041 -0.26426
-1.8832 6.1967 -0.39324 5.0224 8.5448 -2.907
-0.23328 12.268 -0.92416 0.059733 -2.464 -2.0335
7.1597 11.945 2.9328 4.5753 6.0557 -2.5738
1.7181 5.0677 -3.0919 7.4181 0.34222 -4.3364
-0.84364 9.9212 -1.2892 13.34 -2.0104 4.9316
0.075195 10.794 -1.7901 9.5908 2.8233 -8.3401
3.828 13.749 1.66 7.0092 0.47877 -0.36863
-1.2701 2.0136 5.0363 9.9361 -0.34278 0.5185
3.347 3.9752 7.1056 3.9418 1.9282 0.82517
-3.2124 7.8435 8.3664 0.75739 -1.9039 -0.85392
-2.8437 -2.2649 -4.0183 3.2507 8.4682 -6.1079
-3.2028 1.094 -2.9245 1.2581 0.39611 -2.1769
-7.2651 -0.033289 7.7684 9.9296 3.2267 -4.1112
5.7162 9.9992 1.5014 5.4586 4.0677 2.7502
4.9572 4.679 -2.2112 1.2398 -3.7336 -1.5731
-2.7396 19.208 5.6047 5.1708 5.89 1.9026
2.1091 10.446 -6.2149 2.6175 3.9398 -0.25381
5.4188 10.459 -1.8559 4.7428 -2.9867 -2.2362
-3.4207 6.5604 -3.7509 11.697 1.2616 -2.9416
-3.9131 5.9492 4.4757 11.966 -3.6573 -5.5465
-1.6575 10.459 7.8272 3.0238 4.9215 -3.1967
3.9051 11.92 2.9675 4.5025 -0.10635 -2.4449
1.1449 13.037 5.9884 7.6964 3.6389 -0.44089
-0.64021 12.701 6.254 6.4565 0.23703 1.657
4.4058 11.57 2.7864 3.9556 1.0721 0.92038
-4.3861 7.1009 -2.034 10.089 -1.9769 3.4281
-4.1945 7.0955 3.6316 0.32326 -1.8365 0.19283
0.075355 3.6834 1.3202 16.187 -0.75204 4.0934
1.4913 6.6622 -4.4799 4.5682 9.7026 -0.72797
1.2551 8.7702 -2.2341 7.6053 3.4822 -1.1605
-3.7764 1.635 5.9834 3.1752 2.2471 3.2608
-1.6365 5.5664 -4.6101 1.9173 2.1988 1.2893
-1.0177 5.5696 1.2952 10.536 9.5934 0.5535
0.75832 7.575 -3.0454 6.1542 1.8293 -1.804
0.60882 5.8923 2.24 6.9237 2.6203 -0.61216
0.87891 5.9076 -3.937 6.5029 -2.4539 -3.516
-2.9842 1.9648 -5.0265 8.7851 -0.074762 -0.77083
2.2482 2.565 0.88693 12.958 -4.1522 0.77954
4.1988 2.022 -3.5444 8.6615 2.1834 6.3795
-0.79518 8.4335 5.2369 8.7501 -2.6776 -1.7678
-1.3774 8.9295 2.0846 10.956 5.4592 -1.6879
2.0194 -0.2921 -1.3649 9.5947 3.9154 0.90324
-3.3079 2.706 -1.3862 1.3996 -0.26507 0.58562
6.9542 5.7228 -7.9929 4.9433 -1.4315 0.038761
-3.1503 9.3728 -0.042049 -0.50072 -5.4977 0.43039
0.089401 8.0364 8.7353 8.3266 3.4027 -8.1981
-3.1336 10.642 1.231 13.61 3.4326 5.2561
-1.7966 1.7892 -4.0974 12.32 -0.39821 2.4722
-0.62383 4.5757 1.3389 9.6841 8.4161 -1.6771
4.0893 1.7958 2.915 2.2484 2.3767 -2.6185
-1.6404 7.5584 -5.2914 3.0513 2.4079 -2.7606
-0.1286 3.9412 2.1071 6.7191 0.092484 -6.7171
-0.64379 10.249 5.7126 5.4727 3.0746 -0.99268
4.8001 0.44239 0.9126 9.4717 -2.9713 4.7734
-8.0423 7.5227 -1.2021 11.258 -0.38522 -6.2543
2.2591 -1.4492 -4.0572 4.9955 -3.9809 -6.9808
0.31118 3.5634 0.28051 5.713 -4.925 -0.096379
-5.8317 6.8853 -4.0436 10.381 -7.3506 -5.3928
0.11555 8.7926 -1.3282 7.9571 6.359 -1.1488
-0.29341 8.5285 -1.666 -0.72061 -8.1274 -3.0051
